0001010010100001 
0101011010000001
0000010000000001
0001111111000000
0001000000000000
0001010010000010
0101011010000001
0000010000000001
0001111111000000
0001000000000000
0001010010000010
0101011010000001
0000010000000001
0001111111000000
0001000000000000
0001010010000010
0101011010000001
0000010000000001
0001111111000000
0001000000000000
0001010010000010
0101011010000001
0000010000000001
0001111111000000
0001000000000000
0001010010000010
0101011010000001
0000010000000001
0001111111000000
0001000000000000
0001010010000010
0101011010000001
0000010000000001
0001111111000000
0001000000000000
0001010010000010
0101011010000001
0000010000000001
0001111111000000
0001000000000000
0001010010000010
0101011010000001
0000010000000001
0001111111000000
0001000000000000
0001010010000010
0101011010000001
0000010000000001
0001111111000000
0001000000000000
0001010010000010
0101011010000001
0000010000000001
0001111111000000
0001000000000000
0001010010000010
0101011010000001
0000010000000001
0001111111000000
0001000000000000
0001010010000010
0101011010000001
0000010000000001
0001111111000000
0001000000000000
0001010010000010
0101011010000001
0000010000000001
0001111111000000
0001000000000000
0001010010000010
0101011010000001
0000010000000001
0001111111000000
0001000000000000
0001010010000010
0101011010000001
0000010000000001
0001111111000000
0001000000000000
0001010010000010